## RankNet
## Epochs = 100
## No. of features = 46
## No. of hidden layers = 1
## Layer 1: 10 neurons
1 2 3 4 5 6 7 8 9 10 11 12 13 14 15 16 17 18 19 20 21 22 23 24 25 26 27 28 29 30 31 32 33 34 35 36 37 38 39 40 41 42 43 44 45 46
1
10
0 0 0.18020891920754026 0.14834447567061523 0.0505324175340893 0.2234166635739393 0.14620015019167149 -0.08240295704079903 0.15603966475619496 0.08647006096055236 -0.1955995493763441 0.017081723342672116
0 1 0.11560128232133934 0.20010889794599124 -0.08862978388692076 0.24937432849135 0.20907115917599126 -0.0966128003158265 0.2287132466045538 0.22242062784785352 -0.2252128855053688 -0.014485628538977835
0 2 0.18539532073630052 0.2235170426280545 -0.13837030892821908 0.30232209618210365 0.300322746870466 -0.25447911093629405 0.2825469364286961 0.20091962490912926 -0.38523248340779 -0.17463266531749366
0 3 -0.04144103649577545 -0.03395698896094624 -0.017719852345843244 -0.025930368010631567 0.010783476833452151 0.04543724551640032 0.09419338500076731 0.013403534499949082 -0.017494640180517954 -0.0387758470572103
0 4 0.13214517829109074 0.006609318728547214 -0.1237164353757566 0.04036647648743417 0.09223304850283288 -0.035281371039186105 0.22608880685861923 0.03527405207001229 -0.21943034666578756 -0.042663400871406035
0 5 0.07618836313486099 -0.0791829451918602 0.044030092656612396 -0.07096783816814423 -0.016746889799833298 0.09175443649291992 0.02464737370610237 0.06635957211256027 0.08476797491312027 0.028339868411421776
0 6 0.03911035135388374 -0.01791517063975334 0.007814968004822731 -0.056497104465961456 0.04202600196003914 0.020574217662215233 0.05880916118621826 -0.058434464037418365 0.08445863425731659 -0.08574308454990387
0 7 -0.044454436749219894 -0.07645256817340851 -0.0601017065346241 -0.08282651752233505 0.030705392360687256 -0.07924996316432953 -0.05352753400802612 0.01852523721754551 -0.014571535401046276 0.013878297992050648
0 8 -0.04458299279212952 0.045101266354322433 0.09500722587108612 -0.021121233701705933 -0.03676867485046387 -0.0846136286854744 -0.004718947224318981 0.09568420797586441 -0.00683361291885376 -0.09255263209342957
0 9 -0.039428673684597015 -0.06682082265615463 0.017837082967162132 0.06135205551981926 0.06146407127380371 0.05988470837473869 0.09857369214296341 -0.08193398267030716 -0.06050317361950874 -0.07478400319814682
0 10 0.028873751090575217 0.12288539676967757 -0.06344480106281335 0.023219926191452966 0.1697355893022631 -0.1393447760353466 0.0794206407088798 0.09026662558564504 -0.11467501771314371 -0.011270889255755982
0 11 0.24803182649100847 0.22174914656093236 -0.0687077528223289 0.20468466971051552 0.12890214938910338 -0.10378717422735553 0.23978846848264831 0.22506252680764316 -0.24013485266837858 -0.1458285221621671
0 12 0.33253456021311384 0.31804028254281186 -0.09308599815134815 0.3868568933775296 0.30546383778490166 -0.28108567796026657 0.33537676677026357 0.23783256816251286 -0.43913776247689534 -0.07868429472980255
0 13 0.09733625851371526 0.045863797130011874 0.01938624674312672 0.015139785786124063 0.11878495567703369 -0.10784670389656177 0.030277826675281738 0.0406848977366339 -0.17179992508363706 0.035790565681472805
0 14 0.011817484429280082 0.03480187507778182 -0.11502102742999042 0.01613198257966468 0.12613210980963802 -0.17081382835605352 0.14415491884072654 0.12245761847242322 -0.23245017127735096 -0.0021917571506297412
0 15 0.08803909635334903 0.006287902235050143 -0.07781245626505859 0.1485464602474774 0.06910294260964889 -0.051945051231264895 0.11756096701296442 0.12767776376332635 -0.18717693399030322 0.03645987691142767
0 16 0.0038953260324046854 0.02082100589551933 0.053579978343226746 -0.009406119487240202 0.12426038714906897 -0.1405177255369831 -0.03255310424571734 0.06008999105357829 -0.03193605162606532 0.05019690546820463
0 17 -0.1384907719374716 0.030281571756450482 -0.05947810572885023 -0.12075889667074535 -0.07504095872450552 0.13141815736237875 -0.17051126437870764 2.1847398198090662E-4 0.021382675123396547 0.04314222261697533
0 18 -0.24302682902474834 -0.22676239006744942 0.10493456061508145 -0.22729264465486898 -0.2674766157539137 0.2081864346333622 -0.2848912926450871 -0.2509413416940175 0.22610091546704356 0.0806570687281883
0 19 -0.0016268573327295139 0.0989979117266552 -0.10560544077529631 0.09920226824856167 -0.031929491631837705 -0.1583623397523262 -0.0018628735942799498 0.09392062554537159 -0.13416464960496546 -0.03351567291364371
0 20 0.6074919924439453 0.4889909616632962 -0.2703075424932088 0.5832451681495492 0.5653519331451682 -0.5905817737464739 0.6409500754560901 0.5587786565133664 -0.7424653567670736 -0.18879199345298275
0 21 0.653609440106221 0.4607953479278583 -0.25311935660035106 0.651498054848975 0.5021509852245393 -0.6109511452097522 0.639208048970553 0.47949888670559676 -0.7655409691749466 -0.344545078280245
0 22 0.7308545350561759 0.5635956542554963 -0.1967860881803321 0.732456965362329 0.6710925268617393 -0.7142150132573292 0.8077657018763704 0.5761184937560239 -0.9472812953718199 -0.3527281050818189
0 23 0.6134874623207479 0.5258372468767469 -0.23364371222578942 0.7333908846734143 0.5747080209373584 -0.6787101838126397 0.7080034460458583 0.5753621872848552 -0.9306335494355429 -0.35635048400475017
0 24 0.3119420776528897 0.2280239034959676 -0.08242533135205603 0.24183987038656862 0.1620902181378049 -0.19457043320884787 0.23086092168211267 0.25826222921083575 -0.41123805999625834 -0.038546338914082524
0 25 0.1960572171829631 0.2490317792713164 0.012493189049475774 0.20550720340438913 0.18784580201417256 -0.21089529328644405 0.2461158583983711 0.14312713645364064 -0.33775945356646464 -0.08708886871639311
0 26 0.21798857683912282 0.12006425203114153 -0.01656829036280725 0.33930673355386853 0.2928199789653332 -0.2863010357225339 0.3291813769214528 0.2589539946529848 -0.36482648073761065 -0.12869572489437936
0 27 0.18921942464794117 0.27982510038853503 0.0040831914587752755 0.22605389955318628 0.21515581019897087 -0.28212964949825975 0.22237532883912192 0.12321984861220713 -0.4191911125946629 -0.024811228290312123
0 28 0.3250088040455695 0.1603164735828577 0.009754155022210153 0.3945562771705026 0.24927169035328292 -0.24478854497425198 0.2033244642882644 0.13712030240025655 -0.463377328267833 -0.13297442179017782
0 29 0.2737528743968987 0.20569703914371965 -0.06846989314570238 0.30085054137365536 0.3678670977162734 -0.3642421105951963 0.35632316630457933 0.16679545498925766 -0.4523475750398594 -0.2209548768005118
0 30 0.40296519543975884 0.2941576266372924 -0.08392861656959845 0.30064372069922307 0.33743697381304194 -0.3156426000209355 0.397704548526413 0.3125645204579229 -0.4547417876219505 -0.06111910887399134
0 31 0.3083578155659227 0.1911801712325383 -0.015347791005982155 0.392633127991882 0.2268785914002059 -0.2477087324076129 0.40157045599811136 0.31599225620960136 -0.4447105813984245 -0.09982638115319668
0 32 0.18496737282864245 0.02775995305515525 -0.08995481953270075 0.17878883267047976 0.006912230733552543 -0.19493555647178915 0.13689479343881503 -0.010042314682697064 -0.08385311742420906 -0.14481477399296677
0 33 0.0534505288907118 0.004811740453213716 -0.07418351516307002 0.2090472904703497 0.06388012719621611 -0.10070894552180099 0.03445401393477142 0.04746916039413066 -0.14195555802765786 -0.0392881002432287
0 34 0.18617547179530605 0.19382357339982878 -0.036803064058522614 0.18357155115758556 0.13190973727423372 -0.10336078796345202 0.09341388196707358 0.1717122180717893 -0.1671454246957832 -0.12460908675571152
0 35 0.12568242767637364 0.12789221702406825 -0.06723800720801938 0.014583191257971674 0.043617296311614547 -0.08626223213153739 0.02994369404432312 0.0639823507766528 -0.035671577226182485 -0.002442724197413867
0 36 0.5495872785708666 0.5550708091264707 -0.10006301903116893 0.6343589588808078 0.5009510365282219 -0.6637288707594644 0.5294849773510968 0.5356889642007875 -0.7790380979145156 -0.29799562411191355
0 37 0.588626660941757 0.5273972683775329 -0.11408362113002955 0.6912087656817189 0.5148878469857835 -0.6296086553730211 0.628139499211479 0.4176608500909871 -0.9202793558876503 -0.20841356559767288
0 38 0.6642497612137249 0.6747758057679474 -0.1357120144098751 0.8203881866248063 0.6473725405090727 -0.7534636110478065 0.6919715625839312 0.6184371460775183 -0.9939260617727212 -0.2913219213402027
0 39 0.709743277217428 0.5852498205963946 -0.2015226171657976 0.7026113996025214 0.6387543844507183 -0.6326922291213132 0.6936648802415303 0.6026784132081117 -0.9815379380340644 -0.3676132756468817
0 40 -0.2246658447475735 -0.17596234307811115 -3.376501701969792E-4 -0.24532030903173874 -0.16231167307292088 0.21643498678302864 -0.23162610400274927 -0.10008932903884007 0.22004115856714174 0.07226841481329078
0 41 -0.2167458745598851 -0.0931780331885127 -0.0368954870532593 -0.13351659637695548 -0.24593326943533286 0.11654812851922229 -0.1273024554042934 -0.20599894730023602 0.28329399928924187 0.13937348842662123
0 42 -0.0314185805618763 -0.09410673379898071 0.0062600793316960335 -0.08613727241754532 -0.020306896418333054 0.04597398638725281 -0.020380545407533646 0.011868059635162354 0.09081868082284927 -0.0909571498632431
0 43 -0.09984051478039913 0.06635374254704289 0.012803747553839147 -0.006946875258982977 0.03246092768120588 -0.005258656452754195 -0.09532950815595201 0.052879047898404766 0.008474868619765336 0.09802787204894013
0 44 0.07268638209134877 -0.022438139955469703 4.5602389239313184E-4 -0.0562240035973235 -0.060159218082796895 0.005260637465786778 -0.04123524507356474 3.2713222854737574E-4 -0.11415044413775273 -0.10455400385013865
0 45 0.04261601751292152 -0.010733302078895092 -0.07130876055984704 -0.05924969489539852 -0.10400930658389582 0.07848825761939468 0.04569555263731355 0.040786004294421044 -0.06498876913929154 -0.036496135764639566
0 46 -0.13735731213482472 -0.15937643546862912 0.039743832928412264 -0.15080557052879937 -0.019983514195465547 -0.07074716526813879 -0.09649853868966611 -0.022369477532137128 -0.0371402349485792 0.06606783373279264 -0.2081381215502973
1 0 1.5593511774048445
1 1 1.392709097235552
1 2 -0.57017500869439
1 3 1.6167530963847443
1 4 1.424770932583837
1 5 -1.393188823827951
1 6 1.5665335687954824
1 7 1.3360574234370812
1 8 -1.610051668964211
1 9 -0.865055015012704
