## ListNet
## Epochs = 1500
## No. of features = 46
1 2 3 4 5 6 7 8 9 10 11 12 13 14 15 16 17 18 19 20 21 22 23 24 25 26 27 28 29 30 31 32 33 34 35 36 37 38 39 40 41 42 43 44 45 46
0
0 0 0.10186543856311682
0 1 0.18177367923180202
0 2 0.1860215054275829
0 3 0.02198291718556284
0 4 -0.008748336302317847
0 5 0.0427325963973999
0 6 0.07177801430225372
0 7 -0.09860435128211975
0 8 1.5267729759216309E-4
0 9 0.010295664891600609
0 10 0.1833157975162476
0 11 0.07888644372436901
0 12 0.15450114037017734
0 13 -0.008423189371648604
0 14 0.01977141696727829
0 15 0.1030514921802106
0 16 0.11578887254172891
0 17 0.008405413093704888
0 18 -0.14298410177606713
0 19 0.0011179601741247106
0 20 0.16242700215149564
0 21 0.21031959655709406
0 22 0.22617807177849542
0 23 0.17991097740677656
0 24 0.021628939114035958
0 25 0.007846182927779853
0 26 0.17263658545447458
0 27 0.10843524636788361
0 28 0.08341834566612097
0 29 0.1943534508532282
0 30 0.09354534129086979
0 31 0.09468234705043829
0 32 0.0038197375384553655
0 33 0.041180654083829406
0 34 -0.02512404010604601
0 35 0.07331058222014487
0 36 0.19276366012046622
0 37 0.1934821743963109
0 38 0.21659087254591194
0 39 0.17401875720225862
0 40 -0.06639914036550132
0 41 -0.0776909466636581
0 42 0.009161037392914295
0 43 -0.049444823897871325
0 44 -0.007028698240580409
0 45 0.08665685870456723
0 46 -0.060836534947156906
